5632 5132 5432 2344 23/07
5432 2234 9876 9876 23/07
5342 2344 9876 5132 23/07
5432 2234 9876 9876 27/01
5342 2344 9876 5132 27/01
5432 2234 9876 9876 23/07
5432 2234 9876 9876 23/07
5342 2344 9876 5132 23/07
5632 5132 5432 2344 23/07
5632 5132 5432 2344 23/07
5342 2344 9876 5132 23/07
5341 2344 0000 5132 27/01
5432 2234 9876 9876 23/07
5132 5432 4532 4532 23/07
5432 2234 9876 9876 23/07
5132 5432 4532 4532 23/07
5342 2344 9876 5132 27/01
5132 5432 4532 4532 23/07
5132 5432 4532 4532 27/01
5432 2234 9876 9876 23/07
5341 2344 3421 5132 27/01
5132 5432 4532 4532 23/07
5632 5132 5432 2344 27/01
5132 5432 4532 4532 27/01
5132 5432 4532 4532 23/07
5132 5432 4532 4532 23/07
5341 1243 3421 5132 27/01
5341 3333 3421 5132 27/01
5341 4521 3421 5132 27/01
5341 5642 3421 5132 27/01
5341 5672 3421 5132 27/01
5341 7864 3421 5132 27/01
5341 3465 3421 5132 27/01
5341 7643 3421 5132 27/01
5341 8634 3421 5132 27/01
5341 8764 3421 5132 27/01
5341 8753 3421 5132 27/01
5341 5126 3421 5132 27/01
5341 2344 7346 5132 27/01
5341 2344 3421 7345 27/01
5341 2344 1473 5132 27/01
5632 5132 5432 2344 23/07
5132 5432 4532 4532 23/07
5432 2234 9876 9876 23/07
5132 5432 4532 4532 23/07
5432 2234 9876 9876 23/07
5342 2344 9876 5132 27/01
5632 5132 5432 2344 27/01
5342 2344 9876 5132 27/01
5632 5132 5432 2344 27/01
5432 2234 9876 9876 27/01
5632 5132 5432 2344 27/01
5432 2234 9876 9876 27/01
5132 5432 4532 4532 27/01
5432 2234 9876 9876 27/01
5632 5132 5432 2344 23/07
5132 5432 4532 4532 23/07
5432 2234 9876 9876 23/07
5632 5132 5432 2344 23/07
5132 5432 4532 4532 23/07
5432 2234 9876 9876 27/01
5632 5132 5432 2344 27/01
5432 2234 9876 9876 27/01
5342 2344 9876 5132 23/07
5342 2344 9876 5132 23/07
5432 2234 9876 9876 27/01
5342 2344 9876 5132 27/01
5432 2234 9876 9876 23/07
5432 2234 9876 9876 27/01
5432 2234 9876 9876 23/07
5342 2344 9876 5132 27/01
5342 2344 9876 5132 27/01
5342 2344 9876 5132 27/01
5632 5132 5432 2344 23/07
5342 2344 9876 5132 23/07
5132 5432 4532 4532 27/01
5432 2234 9876 9876 27/01
5132 5432 4532 4532 27/01
5132 5432 4532 4532 23/07
5132 5432 4532 4532 23/07
5132 5432 4532 4532 23/07
5632 5132 5432 2344 27/01
5342 2344 9876 5132 27/01
5342 2344 9876 5132 27/01
5632 5132 5432 2344 27/01
5432 2234 9876 9876 23/07
5132 5432 4532 4532 27/01
5132 5432 4532 4532 23/07
5342 2344 9876 5132 23/07
5632 5132 5432 2344 27/01
5342 2344 9876 5132 27/01
5432 2234 9876 9876 23/07
5132 5432 4532 4532 23/07
5132 5432 4532 4532 27/01
5432 2234 9876 9876 23/07
5342 2344 9876 5132 27/01
5632 5132 5432 2344 23/07
5632 5132 5432 2344 23/07
5132 5432 4532 4532 23/07
5632 5132 5432 2344 27/01
5342 2344 9876 5132 27/01
5632 5132 5432 2344 23/07
5342 2344 9876 5132 27/01
5632 5132 5432 2344 27/01
5632 5132 5432 2344 23/07
5632 5132 5432 2344 27/01
5132 5432 4532 4532 27/01
5432 2234 9876 9876 27/01
5432 2234 9876 9876 23/07
5132 5432 4532 4532 27/01
5432 2234 9876 9876 23/07
5632 5132 5432 2344 27/01
5132 5432 4532 4532 23/07
5432 2234 9876 9876 27/01
5632 5132 5432 2344 27/01
5432 2234 9876 9876 27/01
5632 5132 5432 2344 23/07
5632 5132 5432 2344 27/01
5632 5132 5432 2344 27/01
5632 5132 5432 2344 23/07
5132 5432 4532 4532 23/07
5342 2344 9876 5132 23/07
5342 2344 9876 5132 27/01
5432 2234 9876 9876 27/01
5342 2344 9876 5132 23/07
5632 5132 5432 2344 23/07
5132 5432 4532 4532 23/07
5432 2234 9876 9876 27/01
5132 5432 4532 4532 27/01
5132 5432 4532 4532 23/07
5632 5132 5432 2344 27/01
5342 2344 9876 5132 27/01
5342 2344 9876 5132 27/01
5132 5432 4532 4532 27/01
5632 5132 5432 2344 27/01
5342 2344 9876 5132 23/07
5432 2234 9876 9876 23/07
5432 2234 9876 9876 27/01
5632 5132 5432 2344 23/07
5432 2234 9876 9876 23/07
5342 2344 9876 5132 27/01
5342 2344 9876 5132 23/07
5632 5132 5432 2344 27/01
5432 2234 9876 9876 23/07
5342 2344 9876 5132 23/07
5632 5132 5432 2344 27/01
5432 2234 9876 9876 23/07
5342 2344 9876 5132 27/01
5432 2234 9876 9876 23/07
5632 5132 5432 2344 23/07
5342 2344 9876 5132 27/01
5132 5432 4532 4532 27/01
5342 2344 9876 5132 23/07
5632 5132 5432 2344 23/07
5432 2234 9876 9876 23/07
5132 5432 4532 4532 23/07
5432 2234 9876 9876 23/07
5432 2234 9876 9876 23/07
5342 2344 9876 5132 23/07
5132 5432 4532 4532 27/01
5342 2344 9876 5132 27/01
5342 2344 9876 5132 27/01
5132 5432 4532 4532 23/07
5132 5432 4532 4532 27/01
5342 2344 9876 5132 27/01
5342 2344 9876 5132 27/01
5632 5132 5432 2344 23/07
5632 5132 5432 2344 27/01
5432 2234 9876 9876 27/01
5132 5432 4532 4532 23/07
5342 2344 9876 5132 23/07
5632 5132 5432 2344 27/01
5432 2234 9876 9876 23/07
5432 2234 9876 9876 27/01
5342 2344 9876 5132 27/01
5432 2234 9876 9876 23/07
5342 2344 9876 5132 27/01
5132 5432 4532 4532 27/01
5132 5432 4532 4532 27/01
5132 5432 4532 4532 23/07
5132 5432 4532 4532 27/01
5632 5132 5432 2344 27/01
5632 5132 5432 2344 23/07
5432 2234 9876 9876 23/07
5132 5432 4532 4532 27/01
5432 2234 9876 9876 23/07
5432 2234 9876 9876 23/07
5632 5132 5432 2344 23/07
5342 2344 9876 5132 23/07
5432 2234 9876 9876 27/01
5342 2344 9876 5132 23/07
5342 2344 9876 5132 27/01
5432 2234 9876 9876 27/01
5432 2234 9876 9876 27/01
5432 2234 9876 9876 27/01
5132 5432 4532 4532 27/01
5432 2234 9876 9876 27/01
5632 5132 5432 2344 23/07
5632 5132 5432 2344 27/01
5132 5432 4532 4532 23/07
5132 5432 4532 4532 23/07
5132 5432 4532 4532 23/07
5432 2234 9876 9876 23/07
5341 1243 3421 1111 27/01
5341 3333 3421 2222 27/01
5341 4521 3421 3333 27/01
5341 5642 3421 4444 27/01
5341 5672 3421 5555 27/01
5341 7864 3421 6666 27/01
5341 3465 3421 7777 27/01
5341 7643 3421 8888 27/01
5341 8634 3421 9999 27/01
5341 8764 3421 4321 27/01
5341 8753 3421 5432 27/01
5341 5126 3421 8765 27/01
5341 2344 7346 6543 27/01
5341 2344 3421 9875 27/01
5341 2344 1473 6543 27/01
5342 1111 9876 5132 23/07
5342 2222 9876 5132 23/07
5132 3333 4532 4532 27/01
5342 4444 9876 5132 27/01
5632 5555 5432 2344 27/01
5432 6666 9876 9876 23/07
5632 7777 5432 2344 23/07
5132 8888 4532 4532 23/07
5432 9999 9876 9876 27/01
5432 9876 9876 9876 23/07
5342 8765 9876 5132 23/07
5632 7654 5432 2344 23/07
5632 6543 1111 2344 27/01
5132 5432 2222 4532 27/01
5132 7579 3333 4532 23/07
5632 5132 4444 2344 23/07
5432 2234 9876 9876 27/01
5632 5132 5432 2344 23/07
5342 2344 9876 5132 27/01
5432 2234 9876 9876 27/01
5632 5132 5432 2344 23/07
5132 5432 4532 4532 23/07
5132 5432 4532 4532 27/01
5342 2344 9876 5132 27/01
5432 2234 9876 9876 27/01
5132 5432 4532 4532 27/01
5342 2344 9876 5132 23/07
5432 2234 9876 9876 27/01
5432 2234 9876 9876 23/07
5432 2234 9876 9876 23/07
5342 2344 9876 5132 23/07
5632 5132 5432 2344 27/01
5432 2234 9876 9876 23/07
5432 2234 9876 9876 27/01
5632 5132 5432 2344 23/07
5342 2344 9876 5132 27/01
5342 2344 9876 5132 27/01
5432 2234 9876 9876 27/01
5342 2344 9876 5132 23/07
5632 5132 5432 2344 23/07
5132 5432 4532 4532 23/07
5342 2344 9876 5132 27/01
5132 5432 4532 4532 27/01
5132 5432 4532 4532 23/07
5132 5432 4532 4532 23/07
5132 5432 4532 4532 27/01
5632 5132 5432 2344 23/07
5632 5132 5432 2344 23/07
5432 2234 9876 9876 23/07
5132 5432 4532 4532 23/07
5132 5432 4532 4532 23/07
5342 2344 9876 5132 23/07
5132 5432 4532 4532 23/07
5132 5432 4532 4532 27/01
5342 2344 9876 5132 27/01
5342 2344 9876 5132 23/07
5342 2344 9876 5132 27/01
5432 2234 9876 9876 27/01
5132 5432 4532 4532 27/01
5342 2344 9876 5132 23/07
5632 5132 5432 2344 27/01
5432 2234 9876 9876 27/01
5432 2234 9876 9876 27/01
5432 2234 9876 9876 27/01
5342 2344 9876 5132 23/07
5342 2344 9876 5132 23/07
5342 2344 9876 5132 23/07
5432 2234 9876 9876 23/07
5632 5132 5432 2344 23/07
5432 2234 9876 9876 27/01
5342 2344 9876 5132 23/07
5432 2234 9876 9876 23/07
5342 2344 9876 5132 23/07
5632 5132 5432 2344 23/07
5342 2344 9876 5132 23/07
5432 2234 9876 9876 23/07
5632 5132 5432 2344 23/07
5342 2344 9876 5132 23/07
5632 5132 5432 2344 27/01
5432 2234 9876 9876 27/01
5132 5432 4532 4532 23/07
5632 5132 5432 2344 27/01
5432 2234 9876 9876 23/07
5632 5132 5432 2344 23/07
5432 2234 9876 9876 27/01
5632 5132 5432 2344 23/07
5632 5132 5432 2344 23/07
5632 5132 5432 2344 23/07
5342 2344 9876 5132 23/07
5632 5132 5432 2344 23/07
5432 2234 9876 9876 23/07
5342 2344 9876 5132 27/01
5632 5132 5432 2344 27/01
5432 2234 9876 9876 23/07
5632 5132 5432 2344 23/07
5132 5432 4532 4532 23/07
5632 5132 5432 2344 23/07
5132 5432 4532 4532 27/01
5632 5132 5432 2344 23/07
5632 5132 5432 2344 27/01
5132 5432 4532 4532 23/07
5342 2344 9876 5132 23/07
5432 2234 9876 9876 23/07
5432 2234 9876 9876 23/07
5432 2234 9876 9876 23/07
5632 5132 5432 2344 23/07
5432 2234 9876 9876 23/07
5632 5132 5432 2344 27/01
5432 2234 9876 9876 27/01
5132 5432 4532 4532 27/01
5632 5132 5432 2344 23/07
5632 5132 5432 2344 23/07
5632 5132 5432 2344 27/01
5432 2234 9876 9876 27/01
5132 5432 4532 4532 27/01
5432 2234 9876 9876 27/01
5632 5132 5432 2344 23/07
5432 2234 9876 9876 23/07
5632 5132 5432 2344 27/01
5342 2344 9876 5132 23/07
5432 2234 9876 9876 23/07
5432 2234 9876 9876 27/01
5432 2234 9876 9876 27/01
5132 5432 4532 4532 27/01
5432 2234 9876 9876 23/07
5432 2234 9876 9876 27/01
5132 5432 4532 4532 23/07
5432 2234 9876 9876 27/01
5432 2234 9876 9876 23/07
5132 5432 4532 4532 27/01
5342 2344 9876 5132 23/07
5632 5132 5432 2344 27/01
5632 5132 5432 2344 27/01
5432 2234 9876 9876 27/01
5632 5132 5432 2344 23/07
5432 2234 9876 9876 23/07
5432 2234 9876 9876 23/07
5432 2234 9876 9876 27/01
5132 5432 4532 4532 27/01
5132 5432 4532 4532 27/01
5632 5132 5432 2344 27/01
5632 5132 5432 2344 27/01
5342 2344 9876 5132 27/01
5342 2344 9876 5132 27/01
5342 2344 9876 5132 27/01
5342 2344 9876 5132 23/07
5132 5432 4532 4532 27/01
5632 5132 5432 2344 27/01
5342 2344 9876 5132 27/01
5342 2344 9876 5132 27/01
5132 5432 4532 4532 23/07
5632 5132 5432 2344 27/01
5432 2234 9876 9876 23/07
5132 5432 4532 4532 23/07
5132 5432 4532 4532 23/07
5132 5432 4532 4532 23/07
5632 5132 5432 2344 23/07
5432 2234 9876 9876 27/01
5432 2234 9876 9876 27/01
5342 2344 9876 5132 27/01
5342 2344 9876 5132 27/01
5132 5432 4532 4532 23/07
5342 2344 9876 5132 27/01
5342 2344 9876 5132 23/07
5432 2234 9876 9876 27/01
5632 5132 5432 2344 23/07
5632 5132 5432 2344 23/07
5632 5132 5432 2344 27/01
5632 5132 5432 2344 27/01
5632 5132 5432 2344 23/07
5132 5432 4532 4532 23/07
5342 2344 9876 5132 23/07
5632 5132 5432 2344 27/01
5342 2344 9876 5132 27/01
5342 2344 9876 5132 27/01
5342 2344 9876 5132 27/01
5632 5132 5432 2344 27/01
5342 2344 9876 5132 27/01
5342 2344 9876 5132 23/07
5432 2234 9876 9876 23/07
5432 2234 9876 9876 23/07
5342 2344 9876 5132 23/07
5342 2344 9876 5132 23/07
5132 5432 4532 4532 23/07
5132 5432 4532 4532 27/01
5432 2234 9876 9876 23/07
5432 2234 9876 9876 23/07
5432 2234 9876 9876 27/01
5432 2234 9876 9876 27/01
5432 2234 9876 9876 27/01
5342 2344 9876 5132 27/01
5342 2344 9876 5132 27/01
5632 5132 5432 2344 23/07
5432 2234 9876 9876 27/01
5342 2344 9876 5132 27/01
5342 2344 9876 5132 27/01
5132 5432 4532 4532 23/07
5342 2344 9876 5132 27/01
5432 2234 9876 9876 27/01
5432 2234 9876 9876 23/07
5132 5432 4532 4532 23/07
5132 5432 4532 4532 27/01
5432 2234 9876 9876 27/01
5342 2344 9876 5132 27/01
5342 2344 9876 5132 23/07
5342 2344 9876 5132 27/01
5132 5432 4532 4532 27/01
5342 2344 9876 5132 23/07
5342 2344 9876 5132 23/07
5432 2234 9876 9876 27/01
5132 5432 4532 4532 23/07
5132 5432 4532 4532 23/07
5632 5132 5432 2344 23/07
5632 5132 5432 2344 23/07
5632 5132 5432 2344 23/07
5632 5132 5432 2344 27/01
5632 5132 5432 2344 23/07
5432 2234 9876 9876 27/01
5132 5432 4532 4532 27/01
5432 2234 9876 9876 23/07
5432 2234 9876 9876 27/01
5342 2344 9876 5132 23/07
5432 2234 9876 9876 27/01
5132 5432 4532 4532 23/07
5342 2344 9876 5132 27/01
5632 5132 5432 2344 23/07
5342 2344 9876 5132 27/01
5132 5432 4532 4532 23/07
5432 2234 9876 9876 27/01
5632 5132 5432 2344 27/01
5342 2344 9876 5132 23/07
5342 2344 9876 5132 27/01
5342 2344 9876 5132 27/01
5632 5132 5432 2344 23/07
5132 5432 4532 4532 27/01
5432 2234 9876 9876 23/07
5132 5432 4532 4532 23/07
5632 5132 5432 2344 23/07
5432 2234 9876 9876 27/01
5632 5132 5432 2344 23/07
5132 5432 4532 4532 23/07
5432 2234 9876 9876 27/01
5132 5432 4532 4532 27/01
5432 2234 9876 9876 23/07
5132 5432 4532 4532 23/07
5132 5432 4532 4532 27/01
5432 2234 9876 9876 27/01
5342 2344 9876 5132 27/01
5342 2344 9876 5132 27/01
5132 5432 4532 4532 27/01
5632 5132 5432 2344 23/07
5432 2234 9876 9876 27/01
5432 2234 9876 9876 27/01
5432 2234 9876 9876 27/01
5342 2344 9876 5132 23/07
5632 5132 5432 2344 27/01
5432 2234 9876 9876 27/01
5432 2234 9876 9876 27/01
5342 2344 9876 5132 23/07
5432 2234 9876 9876 27/01
5632 5132 5432 2344 27/01
5342 2344 9876 5132 27/01
5342 2344 9876 5132 27/01
5632 5132 5432 2344 23/07
5432 2234 9876 9876 23/07
5632 5132 5432 2344 23/07
5342 2344 9876 5132 23/07
5342 2344 9876 5132 27/01
5132 5432 4532 4532 27/01
5632 5132 5432 2344 23/07
5632 5132 5432 2344 23/07
5342 2344 9876 5132 23/07
5342 2344 9876 5132 23/07
5132 5432 4532 4532 27/01
5132 5432 4532 4532 23/07
5432 2234 9876 9876 23/07
5342 2344 9876 5132 23/07
5632 5132 5432 2344 23/07
5342 2344 9876 5132 27/01
5342 2344 9876 5132 23/07
5132 5432 4532 4532 23/07
5132 5432 4532 4532 23/07
5342 2344 9876 5132 23/07
5632 5132 5432 2344 23/07
5632 5132 5432 2344 23/07
5342 2344 9876 5132 27/01
5432 2234 9876 9876 27/01
5132 5432 4532 4532 27/01
5342 2344 9876 5132 27/01
5432 2234 9876 9876 23/07
5132 5432 4532 4532 27/01
5432 2234 9876 9876 23/07
5632 5132 5432 2344 27/01
5342 2344 9876 5132 27/01
5632 5132 5432 2344 27/01
5632 5132 5432 2344 27/01
5342 2344 9876 5132 23/07
5432 2234 9876 9876 23/07
5132 5432 4532 4532 23/07
5342 2344 9876 5132 23/07
5432 2234 9876 9876 23/07
5132 5432 4532 4532 27/01
5432 2234 9876 9876 23/07
5132 5432 4532 4532 27/01
5342 2344 9876 5132 27/01
5432 2234 9876 9876 27/01
5132 5432 4532 4532 23/07
5632 5132 5432 2344 27/01
5342 2344 9876 5132 27/01
5132 5432 4532 4532 27/01
5432 2234 9876 9876 27/01
5632 5132 5432 2344 27/01
5632 5132 5432 2344 23/07
5432 2234 9876 9876 27/01
5432 2234 9876 9876 23/07
5632 5132 5432 2344 23/07
5342 2344 9876 5132 27/01
5432 2234 9876 9876 23/07
5432 2234 9876 9876 23/07
5132 5432 4532 4532 23/07
5432 2234 9876 9876 23/07
5342 2344 9876 5132 23/07
5342 2344 9876 5132 27/01
5342 2344 9876 5132 27/01
5632 5132 5432 2344 23/07
5342 2344 9876 5132 23/07
5342 2344 9876 5132 27/01
5632 5132 5432 2344 27/01
5632 5132 5432 2344 27/01
5132 5432 4532 4532 23/07
5132 5432 4532 4532 23/07
5632 5132 5432 2344 27/01
5132 5432 4532 4532 23/07
5132 5432 4532 4532 23/07
5432 2234 9876 9876 23/07
5132 5432 4532 4532 23/07
5342 2344 9876 5132 27/01
5632 5132 5432 2344 27/01
5342 2344 9876 5132 27/01
5342 2344 9876 5132 27/01
5132 5432 4532 4532 23/07
5432 2234 9876 9876 23/07
5432 2234 9876 9876 27/01
5132 5432 4532 4532 27/01
5132 5432 4532 4532 23/07
5432 2234 9876 9876 23/07
5432 2234 9876 9876 23/07
5132 5432 4532 4532 23/07
5432 2234 9876 9876 23/07
5132 5432 4532 4532 23/07
5432 2234 9876 9876 27/01
5342 2344 9876 5132 27/01
5342 2344 9876 5132 27/01
5432 2234 9876 9876 27/01
5632 5132 5432 2344 23/07
5632 5132 5432 2344 27/01
5342 2344 9876 5132 27/01
5432 2234 9876 9876 23/07
5432 2234 9876 9876 23/07
5342 2344 9876 5132 23/07
5342 2344 9876 5132 23/07
5342 2344 9876 5132 23/07
5432 2234 9876 9876 27/01
5132 5432 4532 4532 27/01
5132 5432 4532 4532 23/07
5432 2234 9876 9876 23/07
5132 5432 4532 4532 23/07
5342 2344 9876 5132 27/01
5432 2234 9876 9876 23/07
5132 5432 4532 4532 27/01
5132 5432 4532 4532 23/07
5432 2234 9876 9876 23/07
5132 5432 4532 4532 23/07
5132 5432 4532 4532 27/01
5632 5132 5432 2344 23/07
5132 5432 4532 4532 27/01
5132 5432 4532 4532 23/07
5632 5132 5432 2344 23/07
5632 5132 5432 2344 27/01
5132 5432 4532 4532 27/01
5132 5432 4532 4532 23/07
5432 2234 9876 9876 27/01
5632 5132 5432 2344 23/07
5132 5432 4532 4532 27/01
5632 5132 5432 2344 23/07
5132 5432 4532 4532 27/01
5342 2344 9876 5132 23/07
5432 2234 9876 9876 27/01
5132 5432 4532 4532 27/01
5132 5432 4532 4532 23/07
5432 2234 9876 9876 27/01
5132 5432 4532 4532 23/07
5632 5132 5432 2344 27/01
5342 2344 9876 5132 23/07
5432 2234 9876 9876 23/07
5132 5432 4532 4532 23/07
5132 5432 4532 4532 27/01
5432 2234 9876 9876 27/01
5132 5432 4532 4532 27/01
5132 5432 4532 4532 27/01
5432 2234 9876 9876 27/01
5632 5132 5432 2344 27/01
5342 2344 9876 5132 27/01
5632 5132 5432 2344 23/07
5342 2344 9876 5132 27/01
5342 2344 9876 5132 27/01
5132 5432 4532 4532 23/07
5132 5432 4532 4532 23/07
5342 2344 9876 5132 27/01
5342 2344 9876 5132 27/01
5132 5432 4532 4532 27/01
5432 2234 9876 9876 27/01
5432 2234 9876 9876 23/07
5632 5132 5432 2344 23/07
5342 2344 9876 5132 23/07
5132 5432 4532 4532 23/07
5432 2234 9876 9876 23/07
5342 2344 9876 5132 27/01
5132 5432 4532 4532 27/01
5432 2234 9876 9876 23/07
5342 2344 9876 5132 23/07
5132 5432 4532 4532 23/07
5132 5432 4532 4532 23/07
5342 2344 9876 5132 27/01
5632 5132 5432 2344 27/01
5132 5432 4532 4532 27/01
5342 2344 9876 5132 27/01
5632 5132 5432 2344 27/01
5342 2344 9876 5132 23/07
5342 2344 9876 5132 27/01
5342 2344 9876 5132 23/07
5342 2344 9876 5132 23/07
5132 5432 4532 4532 27/01
5132 5432 4532 4532 27/01
5432 2234 9876 9876 23/07
5342 2344 9876 5132 23/07
5132 5432 4532 4532 27/01
5342 2344 9876 5132 23/07
5342 2344 9876 5132 27/01
5432 2234 9876 9876 23/07
5432 2234 9876 9876 27/01
5132 5432 4532 4532 27/01
5632 5132 5432 2344 23/07
5132 5432 4532 4532 27/01
5632 5132 5432 2344 23/07
5342 2344 9876 5132 23/07
5342 2344 9876 5132 23/07
5132 5432 4532 4532 27/01
5432 2234 9876 9876 23/07
5632 5132 5432 2344 23/07
5432 2234 9876 9876 27/01
5632 5132 5432 2344 27/01
5432 2234 9876 9876 23/07
5432 2234 9876 9876 27/01
5432 2234 9876 9876 23/07
5432 2234 9876 9876 23/07
5632 5132 5432 2344 23/07
5132 5432 4532 4532 23/07
5132 5432 4532 4532 27/01
5342 2344 9876 5132 27/01
5132 5432 4532 4532 27/01
5632 5132 5432 2344 23/07
5632 5132 5432 2344 23/07
5342 2344 9876 5132 27/01
5132 5432 4532 4532 23/07
5632 5132 5432 2344 27/01
5432 2234 9876 9876 27/01
5132 5432 4532 4532 23/07
5342 2344 9876 5132 23/07
5342 2344 9876 5132 23/07
5432 2234 9876 9876 23/07
5342 2344 9876 5132 27/01
5342 2344 9876 5132 27/01
5632 5132 5432 2344 27/01
5432 2234 9876 9876 23/07
5632 5132 5432 2344 27/01
5132 5432 4532 4532 23/07
5132 5432 4532 4532 27/01
5632 5132 5432 2344 23/07
5632 5132 5432 2344 27/01
5432 2234 9876 9876 23/07
5432 2234 9876 9876 23/07
5432 2234 9876 9876 23/07
5432 2234 9876 9876 27/01
5342 2344 9876 5132 23/07
5432 2234 9876 9876 27/01
5342 2344 9876 5132 23/07
5342 2344 9876 5132 23/07
5342 2344 9876 5132 27/01
5432 2234 9876 9876 27/01
5132 5432 4532 4532 27/01
5342 2344 9876 5132 27/01
5342 2344 9876 5132 23/07
5432 2234 9876 9876 27/01
5342 2344 9876 5132 27/01
5632 5132 5432 2344 23/07
5342 2344 9876 5132 23/07
5342 2344 9876 5132 27/01
5342 2344 9876 5132 27/01
5432 2234 9876 9876 27/01
5132 5432 4532 4532 23/07
5632 5132 5432 2344 27/01
5432 2234 9876 9876 23/07
5632 5132 5432 2344 27/01
5342 2344 9876 5132 27/01
5632 5132 5432 2344 27/01
5342 2344 9876 5132 27/01
5132 5432 4532 4532 23/07
5342 2344 9876 5132 27/01
5342 2344 9876 5132 27/01
5132 5432 4532 4532 23/07
5342 2344 9876 5132 27/01
5342 2344 9876 5132 23/07
5632 5132 5432 2344 27/01
5342 2344 9876 5132 27/01
5132 5432 4532 4532 23/07
5632 5132 5432 2344 27/01
5132 5432 4532 4532 27/01
5632 5132 5432 2344 27/01
5132 5432 4532 4532 27/01
5132 5432 4532 4532 23/07
5432 2234 9876 9876 27/01
5342 2344 9876 5132 27/01
5132 5432 4532 4532 27/01
5632 5132 5432 2344 23/07
5132 5432 4532 4532 27/01
5342 2344 9876 5132 23/07
5432 2234 9876 9876 27/01
5432 2234 9876 9876 23/07
5432 2234 9876 9876 27/01
5432 2234 9876 9876 23/07
5342 2344 9876 5132 27/01
5132 5432 4532 4532 23/07
5632 5132 5432 2344 27/01
5132 5432 4532 4532 23/07
5132 5432 4532 4532 23/07
5632 5132 5432 2344 27/01
5632 5132 5432 2344 27/01
5342 2344 9876 5132 27/01
5432 2234 9876 9876 27/01
5432 2234 9876 9876 27/01
5132 5432 4532 4532 27/01
5132 5432 4532 4532 23/07
5632 5132 5432 2344 23/07
5132 5432 4532 4532 27/01
5432 2234 9876 9876 23/07
5132 5432 4532 4532 27/01
5342 2344 9876 5132 23/07
5132 5432 4532 4532 27/01
5432 2234 9876 9876 23/07
5632 5132 5432 2344 23/07
5632 5132 5432 2344 23/07
5632 5132 5432 2344 27/01
5342 2344 9876 5132 23/07
5632 5132 5432 2344 27/01
5132 5432 4532 4532 23/07
5342 2344 9876 5132 27/01
5432 2234 9876 9876 27/01
5342 2344 9876 5132 27/01
5132 5432 4532 4532 23/07
5632 5132 5432 2344 27/01
5632 5132 5432 2344 23/07
5432 2234 9876 9876 23/07
5432 2234 9876 9876 27/01
5342 2344 9876 5132 27/01
5132 5432 4532 4532 23/07
5432 2234 9876 9876 27/01
5132 5432 4532 4532 27/01
5342 2344 9876 5132 23/07
5342 2344 9876 5132 27/01
5432 2234 9876 9876 23/07
5632 5132 5432 2344 27/01
5342 2344 9876 5132 23/07
5432 2234 9876 9876 27/01
5132 5432 4532 4532 23/07
5632 5132 5432 2344 27/01
5132 5432 4532 4532 23/07
5132 5432 4532 4532 23/07
5342 2344 9876 5132 23/07
5342 2344 9876 5132 27/01
5432 2234 9876 9876 23/07
5132 5432 4532 4532 23/07
5432 2234 9876 9876 27/01
5432 2234 9876 9876 23/07
5342 2344 9876 5132 23/07
5342 2344 9876 5132 27/01
5432 2234 9876 9876 27/01
5132 5432 4532 4532 27/01
5632 5132 5432 2344 23/07
5342 2344 9876 5132 23/07
5132 5432 4532 4532 27/01
5432 2234 9876 9876 27/01
5342 2344 9876 5132 23/07
5632 5132 5432 2344 27/01
5632 5132 5432 2344 27/01
5132 5432 4532 4532 27/01
5432 2234 9876 9876 27/01
5342 2344 9876 5132 27/01
5632 5132 5432 2344 23/07
5132 5432 4532 4532 27/01
5342 2344 9876 5132 27/01
5342 2344 9876 5132 23/07
5132 5432 4532 4532 27/01
5342 2344 9876 5132 27/01
5432 2234 9876 9876 27/01
5132 5432 4532 4532 23/07
5342 2344 9876 5132 23/07
5432 2234 9876 9876 27/01
5432 2234 9876 9876 27/01
5432 2234 9876 9876 23/07
5432 2234 9876 9876 23/07
5432 2234 9876 9876 23/07
5132 5432 4532 4532 23/07
5132 5432 4532 4532 23/07
5132 5432 4532 4532 27/01
5132 5432 4532 4532 23/07
5632 5132 5432 2344 23/07
5632 5132 5432 2344 23/07
5342 2344 9876 5132 23/07
5632 5132 5432 2344 23/07
5632 5132 5432 2344 27/01
5432 2234 9876 9876 27/01
5432 2234 9876 9876 27/01
5342 2344 9876 5132 27/01
5342 2344 9876 5132 27/01
5632 5132 5432 2344 23/07
5432 2234 9876 9876 27/01
5632 5132 5432 2344 27/01
5342 2344 9876 5132 27/01
5632 5132 5432 2344 27/01
5632 5132 5432 2344 27/01
5432 2234 9876 9876 23/07
5342 2344 9876 5132 27/01
5132 5432 4532 4532 27/01
5632 5132 5432 2344 27/01
5632 5132 5432 2344 23/07
5132 5432 4532 4532 27/01
5432 2234 9876 9876 27/01
5432 2234 9876 9876 27/01
5632 5132 5432 2344 23/07
5432 2234 9876 9876 27/01
5342 2344 9876 5132 27/01
5132 5432 4532 4532 27/01
5432 2234 9876 9876 23/07
5342 2344 9876 5132 27/01
5132 5432 4532 4532 23/07
5432 2234 9876 9876 27/01
5342 2344 9876 5132 23/07
5342 2344 9876 5132 23/07
5432 2234 9876 9876 27/01
5132 5432 4532 4532 23/07
5132 5432 4532 4532 23/07
5342 2344 9876 5132 27/01
5132 5432 4532 4532 23/07
5432 2234 9876 9876 27/01
5432 2234 9876 9876 27/01
5432 2234 9876 9876 27/01
5342 2344 9876 5132 27/01
5632 5132 5432 2344 27/01
5132 5432 4532 4532 23/07
5632 5132 5432 2344 23/07
5632 5132 5432 2344 27/01
5342 2344 9876 5132 27/01
5132 5432 4532 4532 27/01
5632 5132 5432 2344 23/07
5342 2344 9876 5132 27/01
5342 2344 9876 5132 27/01
5132 5432 4532 4532 23/07
5632 5132 5432 2344 23/07
5632 5132 5432 2344 23/07
5342 2344 9876 5132 23/07
5632 5132 5432 2344 23/07
5132 5432 4532 4532 23/07
5432 2234 9876 9876 27/01
5342 2344 9876 5132 23/07
5632 5132 5432 2344 23/07
5632 5132 5432 2344 23/07
5132 5432 4532 4532 27/01
5132 5432 4532 4532 27/01
5432 2234 9876 9876 27/01
5342 2344 9876 5132 23/07
5132 5432 4532 4532 23/07
5132 5432 4532 4532 23/07
5432 2234 9876 9876 27/01
5132 5432 4532 4532 27/01
5632 5132 5432 2344 27/01
5432 2234 9876 9876 23/07
5632 5132 5432 2344 27/01
5132 5432 4532 4532 27/01
5432 2234 9876 9876 23/07
5342 2344 9876 5132 27/01
5132 5432 4532 4532 27/01
5632 5132 5432 2344 23/07
5432 2234 9876 9876 27/01
5342 2344 9876 5132 27/01
5632 5132 5432 2344 27/01
5132 5432 4532 4532 27/01
5632 5132 5432 2344 27/01
5342 2344 9876 5132 27/01
5632 5132 5432 2344 27/01
5432 2234 9876 9876 27/01
5342 2344 9876 5132 23/07
5132 5432 4532 4532 27/01
5632 5132 5432 2344 23/07
5432 2234 9876 9876 27/01
5432 2234 9876 9876 23/07
5432 2234 9876 9876 23/07
5342 2344 9876 5132 23/07
5432 2234 9876 9876 27/01
5632 5132 5432 2344 27/01
5342 2344 9876 5132 27/01
5342 2344 9876 5132 27/01
5132 5432 4532 4532 23/07
5132 5432 4532 4532 23/07
5632 5132 5432 2344 27/01
5432 2234 9876 9876 27/01
5132 5432 4532 4532 23/07
5342 2344 9876 5132 27/01
5432 2234 9876 9876 23/07
5432 2234 9876 9876 23/07
5132 5432 4532 4532 27/01
5632 5132 5432 2344 23/07
5132 5432 4532 4532 23/07
5632 5132 5432 2344 23/07
5342 2344 9876 5132 23/07
5432 2234 9876 9876 23/07
5432 2234 9876 9876 23/07
5632 5132 5432 2344 27/01
5432 2234 9876 9876 27/01
5342 2344 9876 5132 27/01
5632 5132 5432 2344 23/07
5432 2234 9876 9876 27/01
5432 2234 9876 9876 27/01
5132 5432 4532 4532 27/01
5432 2234 9876 9876 27/01
5432 2234 9876 9876 27/01
5632 5132 5432 2344 27/01
5432 2234 9876 9876 23/07
5432 2234 9876 9876 27/01
5132 5432 4532 4532 27/01
5632 5132 5432 2344 27/01
5632 5132 5432 2344 23/07
5342 2344 9876 5132 27/01
5342 2344 9876 5132 23/07
5132 5432 4532 4532 23/07
5432 2234 9876 9876 27/01
5132 5432 4532 4532 27/01
5342 2344 9876 5132 27/01
5432 2234 9876 9876 27/01
5132 5432 4532 4532 27/01
5132 5432 4532 4532 23/07
5432 2234 9876 9876 27/01
5632 5132 5432 2344 27/01
5342 2344 9876 5132 27/01
5132 5432 4532 4532 23/07
5632 5132 5432 2344 23/07
5132 5432 4532 4532 27/01
5132 5432 4532 4532 27/01
5342 2344 9876 5132 27/01
5342 2344 9876 5132 27/01
5132 5432 4532 4532 23/07
5632 5132 5432 2344 27/01
5432 2234 9876 9876 23/07
5132 5432 4532 4532 27/01
5632 5132 5432 2344 23/07
5432 2234 9876 9876 27/01
5342 2344 9876 5132 27/01
5132 5432 4532 4532 23/07
5632 5132 5432 2344 23/07
5432 2234 9876 9876 27/01
5432 2234 9876 9876 23/07
5632 5132 5432 2344 23/07
5632 5132 5432 2344 23/07
5132 5432 4532 4532 27/01
5132 5432 4532 4532 23/07
5632 5132 5432 2344 23/07
5132 5432 4532 4532 23/07
5632 5132 5432 2344 27/01
5342 2344 9876 5132 27/01
5132 5432 4532 4532 23/07
5632 5132 5432 2344 27/01
5132 5432 4532 4532 23/07
5432 2234 9876 9876 27/01
5432 2234 9876 9876 27/01
5632 5132 5432 2344 23/07
5132 5432 4532 4532 23/07
5632 5132 5432 2344 23/07
5132 5432 4532 4532 27/01
5132 5432 4532 4532 27/01
5432 2234 9876 9876 27/01
5132 5432 4532 4532 27/01
5632 5132 5432 2344 27/01
5132 5432 4532 4532 23/07
5132 5432 4532 4532 23/07
5632 5132 5432 2344 27/01
5432 2234 9876 9876 27/01
5132 5432 4532 4532 27/01
5132 5432 4532 4532 23/07
5132 5432 4532 4532 23/07
5342 2344 9876 5132 23/07
5632 5132 5432 2344 27/01
5132 5432 4532 4532 23/07
5432 2234 9876 9876 23/07
5132 5432 4532 4532 27/01
5632 5132 5432 2344 27/01
5132 5432 4532 4532 23/07
5632 5132 5432 2344 23/07
5132 5432 4532 4532 23/07
5632 5132 5432 2344 23/07
5342 2344 9876 5132 23/07
5432 2234 9876 9876 23/07
5432 2234 9876 9876 27/01
5342 2344 9876 5132 27/01
5432 2234 9876 9876 27/01
